solution for: BEP - paipote
objective: 6330.03
x_0_1_6_1=1
x_0_1_7_1=1
x_0_1_8_1=1
x_0_1_9_1=1
x_0_1_11_1=1
x_0_1_16_1=1
x_0_2_10_1=1
x_0_2_15_1=1
x_0_3_1_1=1
x_0_3_2_1=1
x_0_3_12_1=1
x_0_3_14_1=1
x_0_3_18_1=1
x_0_4_0_1=1
x_0_4_5_1=1
x_0_4_13_1=1
x_0_4_17_1=1
x_0_4_19_1=1
x_0_5_3_1=1
x_0_5_4_1=1
x_1_3_7_2=1
x_1_7_8_2=1
x_1_8_6_2=1
x_1_8_9_2=1
x_1_8_16_2=1
x_1_9_11_2=1
x_2_8_10_2=1
x_2_9_5_4=1
x_2_9_6_4=1
x_2_9_15_2=1
x_2_9_17_3=1
x_3_7_1_2=1
x_3_7_2_2=1
x_3_7_7_3=1
x_3_7_12_2=1
x_3_7_14_2=1
x_3_7_18_2=1
x_4_2_17_2=1
x_4_8_0_2=1
x_4_8_5_2=1
x_4_8_13_2=1
x_4_8_19_2=1
x_4_9_3_3=1
x_5_4_3_2=1
x_5_9_4_2=1
x_6_7_2_4=1
x_7_6_2_3=1
x_8_2_5_3=1
x_8_2_6_3=1
b_1_6_1=30
b_1_7_1=19
b_1_8_1=30
b_1_9_1=30
b_1_11_1=30
b_1_16_1=30
b_2_5_3=30
b_2_6_3=29
b_2_10_1=30
b_2_15_1=30
b_2_17_2=20
b_3_1_1=30
b_3_2_1=30
b_3_7_2=11
b_3_12_1=30
b_3_14_1=30
b_3_18_1=30
b_4_0_1=30
b_4_3_2=18
b_4_5_1=30
b_4_13_1=30
b_4_17_1=10
b_4_19_1=30
b_5_3_1=12
b_5_4_1=30
b_6_2_3=16
b_7_1_2=30
b_7_2_2=30
b_7_2_4=16
b_7_7_3=30
b_7_8_2=30
b_7_12_2=30
b_7_14_2=30
b_7_18_2=30
b_8_0_2=30
b_8_5_2=30
b_8_6_2=30
b_8_9_2=30
b_8_10_2=30
b_8_13_2=30
b_8_16_2=30
b_8_19_2=30
b_9_3_3=30
b_9_4_2=30
b_9_5_4=30
b_9_6_4=29
b_9_11_2=30
b_9_15_2=30
b_9_17_3=30
T_evac=653.000

#################### Solve details ####################
status  = time limit exceeded
time    = 4000.2 s.
problem = MILP
gap     = 10.6547%
####################
Total Cost: 6330.025493399491
Evacuation Time: 652.7821069443578