solution for: BEP - paipote
T_evac: 485.243
x_0_1_1_1=1
x_0_1_2_1=1
x_0_1_4_1=1
x_0_1_5_1=1
x_0_1_6_1=1
x_0_1_8_1=1
x_0_1_9_1=1
x_0_1_10_1=1
x_0_1_11_1=1
x_0_1_17_1=1
x_0_1_19_1=1
x_0_2_0_1=1
x_0_2_15_1=1
x_0_3_3_1=1
x_0_3_13_1=1
x_0_3_14_1=1
x_0_3_16_1=1
x_0_4_7_1=1
x_0_5_12_1=1
x_0_5_18_1=1
x_1_2_9_2=1
x_1_2_19_2=1
x_1_4_4_2=1
x_1_4_5_2=1
x_1_4_10_2=1
x_1_4_11_2=1
x_1_4_17_2=1
x_1_7_2_2=1
x_1_7_3_3=1
x_1_8_1_2=1
x_1_8_6_2=1
x_1_9_8_2=1
x_2_3_19_3=1
x_2_8_0_2=1
x_2_8_7_3=1
x_2_8_9_3=1
x_2_8_12_3=1
x_2_8_15_2=1
x_2_8_18_3=1
x_3_1_3_2=1
x_3_6_19_4=1
x_3_7_13_2=1
x_3_7_13_4=1
x_3_7_16_2=1
x_3_7_16_4=1
x_3_8_11_4=1
x_3_8_14_2=1
x_4_2_7_2=1
x_4_3_11_3=1
x_4_9_4_3=1
x_4_9_5_3=1
x_4_9_10_3=1
x_4_9_17_3=1
x_5_2_12_2=1
x_5_2_18_2=1
x_6_7_2_4=1
x_6_7_19_5=1
x_7_3_13_3=1
x_7_3_16_3=1
x_7_6_2_3=1
x_8_9_0_3=1
x_8_9_1_3=1
b_1_1_1=30
b_1_2_1=30
b_1_3_2=30
b_1_5_1=1
b_1_6_1=30
b_1_8_1=30
b_1_9_1=18
b_2_0_1=30
b_2_7_2=30
b_2_9_2=12
b_2_12_2=1
b_2_15_1=30
b_2_18_2=17
b_2_19_2=19
b_3_13_1=30
b_3_13_3=30
b_3_14_1=30
b_3_16_1=30
b_3_16_3=30
b_3_19_3=11
b_4_4_2=30
b_4_5_2=29
b_4_10_2=29
b_4_11_2=30
b_4_17_2=30
b_5_12_1=29
b_5_18_1=13
b_6_2_3=16
b_7_2_2=30
b_7_2_4=16
b_7_3_3=30
b_7_13_2=30
b_7_13_4=30
b_7_16_2=30
b_7_16_4=30
b_7_19_5=30
b_8_6_2=30
b_8_7_3=30
b_8_9_3=30
b_8_11_4=30
b_8_12_3=30
b_8_14_2=30
b_8_15_2=30
b_8_18_3=30
b_9_0_3=30
b_9_1_3=30
b_9_4_3=30
b_9_5_3=30
b_9_8_2=30
b_9_10_3=29
b_9_17_3=30
T_evac=485.243

#################### Solve details ####################
status  = time limit exceeded
time    = 4000.19 s.
problem = MILP
gap     = 26.0297%
####################
Total Cost: 7007.349819853006
Evacuation Time: 485.2432102951358