0.000000000000000000e+00 5.077738391883201075e+03 5.791518730301593678e+03 2.404663833597460780e+03 1.822021331162344950e+03 3.596497862028118561e+03 4.930477585489760713e+03 4.288224959037604094e+03 7.496755857535037649e+03
5.077738391883201075e+03 0.000000000000000000e+00 5.430385458363325597e+03 5.612155925565812140e+03 5.700347858883284061e+03 4.219363308493753721e+03 6.326521890967504078e+03 5.138292699608465227e+03 7.112242459457291261e+03
5.791518730301593678e+03 5.430385458363325597e+03 0.000000000000000000e+00 7.955326332801826538e+03 4.576440689607274180e+03 7.987900824678092249e+03 1.953190516074410652e+03 8.984892754074864570e+03 1.844836132860785028e+03
2.404663833597460780e+03 5.612155925565812140e+03 7.955326332801826538e+03 0.000000000000000000e+00 4.209634156806723695e+03 2.123458197886478047e+03 7.301117641343274954e+03 2.306297944292175089e+03 9.735818032256682272e+03
1.822021331162344950e+03 5.700347858883284061e+03 4.576440689607274180e+03 4.209634156806723695e+03 0.000000000000000000e+00 5.309624629964492669e+03 3.315045539619536612e+03 6.074690079319140750e+03 6.092669980905621742e+03
3.596497862028118561e+03 4.219363308493753721e+03 7.987900824678092249e+03 2.123458197886478047e+03 5.309624629964492669e+03 0.000000000000000000e+00 7.851201619315010248e+03 1.014937759576723920e+03 9.832207736471556927e+03
4.930477585489760713e+03 6.326521890967504078e+03 1.953190516074410652e+03 7.301117641343274954e+03 3.315045539619536612e+03 7.851201619315010248e+03 0.000000000000000000e+00 8.777574108304088440e+03 2.900185376163632554e+03
4.288224959037604094e+03 5.138292699608465227e+03 8.984892754074864570e+03 2.306297944292175089e+03 6.074690079319140750e+03 1.014937759576723920e+03 8.777574108304088440e+03 0.000000000000000000e+00 1.082789125112715374e+04
7.496755857535037649e+03 7.112242459457291261e+03 1.844836132860785028e+03 9.735818032256682272e+03 6.092669980905621742e+03 9.832207736471556927e+03 2.900185376163632554e+03 1.082789125112715374e+04 0.000000000000000000e+00
