solution for: BEP - random1
objective: 2984.43
x_0_1_2_1=1
x_0_2_3_1=1
x_0_3_0_1=1
x_0_3_1_1=1
x_1_4_2_2=1
x_2_4_3_2=1
x_2_5_0_3=1
x_3_2_0_2=1
x_3_5_1_2=1
b_1_2_1=20
b_2_0_2=17
b_2_3_1=5
b_3_0_1=1
b_3_1_1=20
b_4_2_2=20
b_4_3_2=5
b_5_0_3=18
b_5_1_2=20
T_evac=971.000

#################### Solve details ####################
status  = integer optimal solution
time    = 0.75 s.
problem = MILP
gap     = 0%
####################
Total Cost: 2984.4301604176967
Evacuation Time: 970.2970886173953