solution for: BEP - random2
T_evac: 2126.04
x_0_1_0_1=0
x_0_1_3_1=1
x_0_3_0_1=0
x_0_3_1_1=1
x_0_4_0_1=1
x_0_4_2_1=1
x_1_3_0_2=0
x_1_3_1_5=0
x_1_3_3_2=1
x_1_4_0_2=0
x_1_5_2_4=1
x_1_6_0_4=1
x_1_6_3_4=0
x_2_1_2_3=0
x_2_3_0_2=0
x_2_4_0_2=0
x_2_4_3_5=1
x_2_6_1_3=1
x_2_6_2_3=0
x_2_6_2_6=1
x_3_2_1_2=1
x_3_4_0_2=0
x_3_4_1_5=0
x_3_4_3_3=1
x_3_5_0_2=0
x_3_5_1_6=1
x_3_6_1_6=0
x_4_2_3_4=1
x_4_3_0_3=0
x_4_6_0_2=1
x_4_6_1_6=0
x_4_6_2_2=1
x_4_6_3_6=1
x_5_1_2_3=0
x_5_2_2_5=1
x_5_3_0_3=0
x_5_3_1_5=1
x_6_1_0_3=1
x_6_1_1_4=0
x_6_1_2_3=1
x_6_1_3_3=0
x_6_3_1_4=0
x_6_5_1_4=1
z_1_3_0_1_3=1
z_1_3_2_1_3=1
z_2_1_2_2_5=1
z_2_1_3_2_4=1
z_2_2_2_2_3=0
z_2_3_2_4_5=1
z_3_1_1_1_5=1
z_3_1_3_1_2=1
z_3_3_1_2_5=1
z_4_0_3_1_3=1
z_4_0_3_1_5=1
z_4_2_3_1_3=1
z_4_2_3_1_5=1
z_4_3_3_3_5=1
p_3_3_1_2_5=1
b_1_0_3=17
b_1_2_3=18
b_2_2_5=10
b_3_0_1=0
b_3_0_2=0
b_3_1_5=20
b_3_3_2=1
b_4_3_5=11
b_5_1_6=20
b_5_2_4=18
b_6_0_4=17
b_6_2_6=10
b_6_3_6=12
a_0_1=299.143
a_0_2=773.591
a_0_3=1216.270
a_0_4=1658.948
a_0_5=1658.948
a_0_6=1658.948
a_1_1=316.167
a_1_2=556.461
a_1_3=844.067
a_1_4=970.198
a_1_5=1083.615
a_1_6=1197.032
a_2_1=299.143
a_2_2=773.591
a_2_3=1216.270
a_2_4=1540.211
a_2_5=1838.435
a_2_6=2126.041
a_3_1=32.099
a_3_2=358.020
a_3_3=622.868
a_3_4=1023.088
a_3_5=1423.308
a_3_6=1897.756
e_1_0_1=0
e_1_0_3=1
e_1_1_4=0
e_1_2_3=1
e_1_3_1=1
e_1_3_3=0
e_2_1_2=1
e_2_2_5=1
e_2_3_4=1
e_3_0_1=0
e_3_1_1=1
e_3_1_4=0
e_3_1_5=1
e_3_3_2=1
e_4_0_1=1
e_4_0_2=0
e_4_1_5=0
e_4_2_1=1
e_4_3_3=1
e_4_3_5=1
T_evac=2126.041

#################### Solve details ####################
status  = time limit exceeded
time    = 4006.27 s.
problem = MILP
gap     = 48.9735%
Total Cost: 6879.776116830534
Evacuation Time: 2126.040535038928