0.000000000000000000e+00 2.979232023705806114e+03 7.748874697793730775e+03 5.931604656148251706e+03 9.554573147469918695e+03 1.012841123701463403e+04
2.979232023705806114e+03 0.000000000000000000e+00 5.395412284691105924e+03 6.793061364625665192e+03 6.984793486241491337e+03 8.140691137186898231e+03
7.748874697793730775e+03 5.395412284691105924e+03 0.000000000000000000e+00 7.309305556839702149e+03 1.950770021337929848e+03 2.930708254067663802e+03
5.931604656148251706e+03 6.793061364625665192e+03 7.309305556839702149e+03 0.000000000000000000e+00 9.152711984369419952e+03 7.973610316155502005e+03
9.554573147469918695e+03 6.984793486241491337e+03 1.950770021337929848e+03 9.152711984369419952e+03 0.000000000000000000e+00 2.797484349403493525e+03
1.012841123701463403e+04 8.140691137186898231e+03 2.930708254067663802e+03 7.973610316155502005e+03 2.797484349403493525e+03 0.000000000000000000e+00
