0.000000000000000000e+00 5.349831944681610594e+02 9.205737359754493809e+03 5.269443138448150421e+03 4.985719142245744479e+03 5.422652490866014887e+03 7.454187088402799418e+03
5.349831944681610594e+02 0.000000000000000000e+00 9.410858502473814951e+03 5.432022177520427249e+03 5.478212825144280032e+03 5.399020694701574030e+03 7.377970678608395247e+03
9.205737359754493809e+03 9.410858502473814951e+03 0.000000000000000000e+00 4.004909858782823903e+03 6.670337805315391961e+03 4.970404263083290061e+03 4.793425454234567042e+03
5.269443138448150421e+03 5.432022177520427249e+03 4.004909858782823903e+03 0.000000000000000000e+00 4.414122135107080794e+03 1.890280096218088147e+03 3.497638077200409043e+03
4.985719142245744479e+03 5.478212825144280032e+03 6.670337805315391961e+03 4.414122135107080794e+03 0.000000000000000000e+00 6.069201247783299550e+03 7.907469393122076326e+03
5.422652490866014887e+03 5.399020694701574030e+03 4.970404263083290061e+03 1.890280096218088147e+03 6.069201247783299550e+03 0.000000000000000000e+00 2.102186900437079203e+03
7.454187088402799418e+03 7.377970678608395247e+03 4.793425454234567042e+03 3.497638077200409043e+03 7.907469393122076326e+03 2.102186900437079203e+03 0.000000000000000000e+00
